245 0.01253164114192718
121 0.01209503664562075
21 0.01000516965053277
31 0.004211157972283588
1040 0.003710192617236483
80 0.003343961677369483
452 0.0029390455239437056
392 0.002851954311048883
561 0.002600048374387013
8 0.0023283964515771064
884 0.002212865544861982
100 0.002160185390312469
169 0.002141446876670509
72 0.0021028210031275234
202 0.001961243793068951
157 0.0019243179478106178
942 0.0019153852146723911
997 0.0019152045581623276
645 0.0018363568992158037
321 0.0016772259352741238
27 0.0016459016212845507
1200 0.0016140139439991836
247 0.001561650816361957
81 0.00150562389760862
1158 0.001492264077528522
490 0.001488872286324412
179 0.0014843593592257594
145 0.0014764362795275552
16 0.0014464177187010986
484 0.00144575346227407
